image_width: 640
image_height: 480
camera_name: nao_camera
camera_matrix:
  rows: 3
  cols: 3
  data: [540.3546704208208, 0, 318.8379749344196, 0, 548.5906710160916, 254.1974785311032, 0, 0, 1]
distortion_model: plumb_bob
distortion_coefficients:
  rows: 1
  cols: 5
  data: [-0.05655334412578782, 0, 0, 0, 0]
rectification_matrix:
  rows: 3
  cols: 3
  data: [1, 0, 0, 0, 1, 0, 0, 0, 1]
projection_matrix:
  rows: 3
  cols: 4
  data: [540.3546704208208, 0, 318.8379749344196, 0, 0, 548.5906710160916, 254.1974785311032, 0, 0, 0, 1, 0]
